-5.141453248471830051e-01 -1.084690183314795942e+00 -1.010582211161074051e+00 -3.174350306011287093e-01 -3.538026747720035559e-01 -5.585970874180167245e-01 -3.174350306011287093e-01 -8.164261967201165149e-01 5.247477291193044513e-01 4.934951856152000604e-01 2.005080609337258901e-01 -7.592677828801678297e-01 9.654809760649267769e-01 1.392210535331367405e-02 -2.156523362911864916e-01
3.548908221452309886e-01 3.231421238306505517e-01 3.068816029588702921e-01 6.720874969345011496e-02 7.068672453024089641e-01 6.503550350390667756e-01 3.548908221452309886e-01 6.619158574401426964e-01 6.846441085176988572e-01 1.849917853498334319e-01 1.206643032881814737e+00 1.662996523376809310e-01 1.801809805081556304e+00 7.707187172889418125e-01 -6.259384308664951435e-01
4.928461510313262295e-01 5.563595567536521180e-01 7.386811135476066825e-01 4.595097307637343587e-01 9.554435356232267307e-02 2.531732977659059136e-01 -9.166718852582367294e-02 7.764214415304536709e-01 1.955844658440068773e-02 2.737925849686414503e-01 1.177762832454755992e+00 -8.454389909022037575e-01 -3.618027713141985124e+00 -3.599311751205031551e-01 -2.168303314798296910e-01
-9.472311035807907675e-01 -1.303906047519523215e+00 -8.519209237764657772e-01 -9.472311035807907675e-01 -1.052591619238617104e+00 -1.863521835454945874e+00 -7.649095467868360920e-01 3.055318649145770671e-01 5.113839191187259381e-01 4.637558701294712815e-01 -1.458056727346781267e+00 -1.458056727346781267e+00 -3.094037170663568523e-02 -1.863521835454945874e+00 1.144632958097602238e+00
1.332567848505746610e+00 1.432890570133615649e+00 1.347530721182458979e+00 1.414541431465418997e+00 1.307121182844582341e+00 1.126859359013638207e+00 1.126859359013638207e+00 7.306109060103979091e-01 -4.343764516025844791e-01 3.433281169854237036e-01 -1.395787618757209136e+00 3.567511373175646927e-01 -1.881295434538909905e+00 1.501368879545654789e-01 -8.696945228604299194e-01
5.593563233030333232e-02 2.907752234077042308e-01 3.797227094242004997e-01 2.907752234077042308e-01 -3.349306763567082568e-01 -2.515490674176573127e-01 -3.349306763567082568e-01 3.582165042032370295e-01 -9.855182424978576883e-01 -5.259859131194176696e-01 -2.515490674176573127e-01 -6.978361700460768979e-01 -2.371812603617748039e+00 -6.372115482296419886e-01 -6.372115482296419886e-01
1.991829138693662349e-01 -3.761812310341955401e-01 1.346443927317951261e-01 -6.274956593151015394e-01 -3.761812310341955401e-01 -1.755105355720443239e-01 -8.849915858241448607e-02 1.346443927317951261e-01 -4.939642666905790236e-01 -2.708207153763690922e-01 -9.639678959363143784e-01 -3.761812310341955401e-01 -1.474793519702304989e+00 -6.274956593151015394e-01 -9.639678959363143784e-01
7.841951521445043038e-01 8.873793883797350679e-01 4.819142802715707385e-01 5.109018171448229673e-01 6.691258223597170707e-01 5.390726941115193682e-01 9.067974742368366536e-01 4.212896584551359402e-01 -7.418611513505448674e-01 -2.718575221048093460e-01 -1.945833955676480764e+00 -4.871397079059959501e-02 -1.945833955676480764e+00 -4.053889147293320838e-01 -6.465509715462199880e-01
2.903523010076596300e-01 2.903523010076596300e-01 2.903523010076596300e-01 1.568209083831371142e-01 -4.027948795522856562e-01 -1.796513282380758636e-01 9.834994815676049162e-01 7.758601167893603989e-01 2.670228555878892147e-03 2.670228555878892147e-03 -1.789089240672176118e+00 9.189609604300337242e-01 -1.789089240672176118e+00 1.568209083831371142e-01 2.903523010076596300e-01
-1.155924764713941233e+00 -1.155924764713941233e+00 -1.379068316028150942e+00 -1.666750388479931733e+00 -1.155924764713941233e+00 -5.681380998118222836e-01 -9.736032079199865574e-01 -9.736032079199865574e-01 -9.736032079199865574e-01 -5.681380998118222836e-01 -2.765362677148041737e+00 2.303695964059492840e-01 -2.765362677148041737e+00 2.303695964059492840e-01 7.226045091739627564e-03
-2.561914053604101849e-01 -5.438734778121909752e-01 -6.439569363691735049e-01 -3.302993775141320754e-01 4.919024419077178134e-02 4.919024419077178134e-02 -3.304785404620050326e-02 -4.103420851876684039e-01 7.423374247507170676e-01 4.546553522989360552e-01 6.457105890616452459e-01 5.224779486376971427e-01 5.059486466864866472e-01 1.004835385783222346e-01 2.402454809534808888e-01
-9.748477631521912379e-01 -8.878363861625615527e-01 -4.283040567841214785e-01 -3.770107623965708865e-01 -5.395296918943457420e-01 6.124416853458422572e-02 -4.053852577535799889e-02 -2.372488200214121490e-01 5.392799694775842756e-01 3.408290307537458208e-01 4.339194538197578277e-01 -1.538672110823610661e-01 -6.001543137107806514e-01 -1.146464979290799241e-01 1.237645255159183499e-01
8.745091978592001158e-01 6.921876410652454403e-01 8.173507840192515417e-01 1.162191270310981128e+00 9.798697135170263417e-01 1.385334821625190616e+00 1.351433269949509297e+00 1.162191270310981128e+00 4.690440897510357310e-01 6.231947695782940055e-01 1.480645001429515606e+00 -2.241030908089095275e-01 1.028659877686458390e+00 2.867225329570810555e-01 2.867225329570810555e-01
-3.094962034481492541e+00 -2.401814853921547144e+00 -2.401814853921547144e+00 -1.996349745813382759e+00 -1.996349745813382759e+00 -1.485524122047392037e+00 -1.485524122047392037e+00 -1.996349745813382759e+00 -6.970667616831217606e-01 -1.485524122047392037e+00 -1.708667673361601747e+00 -5.300126770199558024e-01 -1.485524122047392037e+00 -3.869118333792825326e-01 -2.045902765853278016e-01
-2.369271306189075776e+00 -3.062418486749021174e+00 -1.676124125629130379e+00 -1.452980574314920670e+00 -1.676124125629130379e+00 -5.775118369610207081e-01 -4.974691292874845461e-01 -2.369271306189075776e+00 3.715687177361250426e-01 2.862396660929471606e-02 -1.963806198080911170e+00 6.987816289445413220e-01 -1.270659017520965994e+00 5.751676729773645969e-01 4.340890747174590558e-01
-1.820411711801217303e+00 -1.414946603693052918e+00 -1.820411711801217303e+00 -2.513558892361162478e+00 -1.127264531241272127e+00 -1.414946603693052918e+00 -9.041209799270621961e-01 -9.041209799270621961e-01 5.139046510037403870e-02 -3.163343150249431357e-01 -1.820411711801217303e+00 8.876384893009925392e-01 -1.820411711801217303e+00 -2.109737993671169376e-01 -2.865224257316225515e-02
-2.004933489504774347e+00 -2.698080670064719744e+00 -3.391227850624664697e+00 -3.391227850624664697e+00 -1.599468381396609962e+00 -1.781789938190564637e+00 -2.292615561956555137e+00 -1.311786308944828949e+00 -9.063212008366645644e-01 -9.063212008366645644e-01 -2.698080670064719744e+00 -5.902334044946114244e-02 -2.698080670064719744e+00 4.275935386048115849e-02 1.641202108647485947e-01
-2.500254926734799543e+00 -2.905720034842964150e+00 -3.598867215402909103e+00 -3.598867215402909103e+00 -1.989429302968808821e+00 -1.652957066347596093e+00 -1.652957066347596093e+00 -1.807107746174854146e+00 -1.033917857941372587e+00 -9.598098857876506962e-01 -2.212572854283018753e+00 1.853224185153518611e-01 -2.500254926734799543e+00 -4.351915391349577000e-02 2.929530827077173050e-01
-2.353024689752114984e+00 -2.758489797860279591e+00 -3.451636978420224544e+00 -2.353024689752114984e+00 -3.451636978420224544e+00 -3.451636978420224544e+00 -2.065342617300334194e+00 -2.758489797860279591e+00 -1.254412401084005424e+00 -1.053741705621854319e+00 -2.065342617300334194e+00 -9.667303286322244116e-01 -2.758489797860279591e+00 -1.194324682450209479e-01 1.037110830691887892e-01
-1.794528963967994217e+00 -3.403966876402094499e+00 -2.305354587733984939e+00 -2.017672515282204149e+00 -2.710819695842149546e+00 -2.305354587733984939e+00 -1.612207407174039542e+00 -1.794528963967994217e+00 -1.794528963967994217e+00 -5.135951185059299817e-01 -1.794528963967994217e+00 9.254068506438545283e-02 -1.324525334722258751e+00 -4.595278972356542369e-01 -7.176236622689079192e-02
