-1.012418758968375299e+00 -9.434258874814239748e-01 -7.611043306874692993e-01 -7.611043306874692993e-01 -3.933795505621520139e-01 -7.070371094171935544e-01 -2.841802585971599515e-01 -7.611043306874692993e-01 5.680316165924726990e-01 4.916586378078986463e-01 1.097240271099283460e-01 -7.070371094171935544e-01 1.039871793645509745e+00 6.209597812067368244e-02 -3.192715784084300679e-01
1.454149095596849739e-01 2.015043762107285308e-01 3.373059173697903756e-01 2.546142015246768975e-01 7.688821694816405650e-01 6.715080054564640522e-01 2.372224588128077349e-01 5.636190434452791331e-01 5.636190434452791331e-01 2.015043762107285308e-01 1.237596307897504300e+00 8.336807485774086653e-04 1.703559527606234747e+00 5.379766128319415364e-01 -3.093212475552620244e-01
6.428156160920289741e-01 4.405787495971328904e-01 4.576731829564328891e-01 2.513367499586044995e-01 2.513367499586044995e-01 2.513367499586044995e-01 -2.186668792871311051e-01 8.460438577052973308e-01 -3.617677229278045137e-01 -8.946348305061991094e-03 9.651032177212853780e-01 -5.288218075909705274e-01 -2.926717080389340975e+00 -6.241319873952954067e-01 -1.541283581495598853e-01
-8.537574715837673578e-01 -9.490676513880921261e-01 -9.490676513880921261e-01 -1.054428167045918574e+00 -8.537574715837673578e-01 -1.305742595326824462e+00 -4.790640221423565492e-01 2.140831584175887092e-01 7.736989463530112854e-01 6.801728883421878091e-01 -1.459893275154082737e+00 -1.054428167045918574e+00 -3.612809864859732323e-01 -1.865358383262247122e+00 1.052412348822031829e+00
1.310426034537699458e+00 1.466772104928393494e+00 1.398718641683377895e+00 1.440103857846232183e+00 1.294921848001734155e+00 1.093672281322260798e+00 1.202212449897466673e+00 8.332170215706938832e-01 -3.516556113818227747e-01 5.033345946285364692e-01 -7.436976991578464480e-01 3.414915691781225116e-01 -2.016663374970733891e+00 -9.137251311815632049e-02 -6.303690138508432073e-01
2.166180140207767668e-01 1.112574983629505271e-01 1.386564725510650575e-01 2.424612137332068235e-02 -4.277390023697365540e-01 -2.533856152249586713e-01 -3.367672241640096709e-01 3.119281938251015629e-01 -1.275036862756939948e+00 -6.996727178533781455e-01 -6.996727178533781455e-01 -7.642112389909494485e-01 -3.472261440093159290e+00 -5.278224609267190282e-01 -8.332041104779008833e-01
-2.726572631836706173e-01 -1.773470833793457657e-01 3.151294017184483875e-01 6.381497343754226337e-02 -1.029299871617949703e-02 2.579709878784998134e-01 6.381497343754226337e-02 -9.033570638971602507e-02 -1.773470833793457657e-01 -2.726572631836706173e-01 -1.188947995057825668e+00 -3.780177788414968987e-01 -1.476630067509606681e+00 -7.834828869496612835e-01 -1.476630067509606681e+00
7.149173235416703687e-01 8.657402132762539448e-01 4.800777324642693245e-01 7.823586043372028342e-01 1.317710381960536248e-01 4.194531106478345261e-01 7.603796976184278300e-01 2.495540738524369695e-01 -4.813334346903552774e-01 -1.018438129854515595e-01 -1.659988431032001444e+00 -7.436976991578463370e-01 -1.436844879717791512e+00 -1.760354428469015041e-03 -2.736940699121107601e-01
8.481315411357810419e-01 9.816629337603035577e-01 5.116593045145680918e-01 6.069694843188928601e-01 1.549843605758357834e-01 6.069694843188928601e-01 6.069694843188928601e-01 4.062987888567417549e-01 -1.814878760453771667e-01 8.336807485774086653e-04 -1.097778607919532412e+00 9.171244126227324767e-01 -1.790925788479477587e+00 8.336807485774086653e-04 -4.046314273595870148e-01
-1.380904863835452412e+00 -1.380904863835452412e+00 -8.212890759000297525e-01 -1.668586936287233202e+00 -9.754397557272880270e-01 -6.877576832755071257e-01 -2.822925751673426853e-01 -6.877576832755071257e-01 -9.754397557272880270e-01 -2.022498674938063012e-01 -2.767199224955342984e+00 2.285330485986479532e-01 -1.380904863835452412e+00 -2.022498674938063012e-01 5.389497284438115460e-03
2.068544930130901405e-02 -1.025283105881378720e+00 -4.991900099845995031e-01 -9.372490187643529869e-02 -3.488440185350184797e-02 2.068544930130901405e-02 -2.229366333564415104e-01 -1.890350816807600809e-01 6.144601560480505986e-01 3.610112552385119078e-01 6.724474136983999983e-01 6.438740412543438874e-01 6.864336556731398531e-01 1.939571705753457553e-01 3.987515832213588407e-01
-9.766843109594927075e-01 -5.413662397016471006e-01 -4.842078258616986375e-01 -8.896729339698630223e-01 -4.842078258616986375e-01 -4.301406045914228371e-01 -2.835371303995473657e-01 -2.835371303995473657e-01 1.517809408582981856e-01 2.661779790429208079e-02 5.172407143527633089e-01 -1.557037588896625357e-01 -4.301406045914228371e-01 -4.237507358265940605e-02 -7.874271775353428038e-02
1.073343345514049973e+00 9.267398713221743911e-01 6.903510932579440817e-01 6.903510932579440817e-01 9.267398713221743911e-01 1.349596722142208050e+00 1.537648953645147643e+00 8.726726500518986462e-01 1.795254694919533323e-01 6.903510932579440817e-01 1.743501007849296514e+00 3.801961649541046318e-01 8.726726500518986462e-01 4.672075419437342614e-01 6.174243383557000836e-02
-3.096798582288793789e+00 -2.403651401728848391e+00 -1.998186293620684006e+00 -1.710504221168902994e+00 -1.305039113060738831e+00 -1.305039113060738831e+00 -7.942134892947482205e-01 -1.487360669854693507e+00 -2.635852382325777343e-01 -1.998186293620684006e+00 -1.305039113060738831e+00 -1.523596031223534430e-01 -2.403651401728848391e+00 -6.989033094904233412e-01 -6.118919325007935450e-01
-2.371107853996377024e+00 -1.965642745888212861e+00 -8.670304572201031901e-01 -1.454817122122222139e+00 -1.118344885501009189e+00 -2.310416905001065058e-01 -3.562048334541125238e-01 -1.454817122122222139e+00 4.910930269330910924e-01 -2.916663123165413318e-01 -1.965642745888212861e+00 8.477679708718235396e-01 -6.663597617579519738e-01 9.060368789957993219e-01 1.938415034651594926e-01
-1.129101079048573375e+00 -1.822248259608518550e+00 -1.416783151500354387e+00 -1.416783151500354387e+00 -7.236359709404089902e-01 -1.416783151500354387e+00 -1.129101079048573375e+00 -4.359538984886280333e-01 3.178179038877519402e-01 -9.059575277343636657e-01 -1.822248259608518550e+00 6.200987757606856166e-01 -2.515395440168463725e+00 -3.048879038046371087e-02 1.236618894467945845e-01
-2.006770037312075594e+00 -3.393064398431966389e+00 -3.393064398431966389e+00 -2.699917217872020991e+00 -2.006770037312075594e+00 -1.601304929203911431e+00 -2.006770037312075594e+00 -1.195839821095747046e+00 -5.598510543757502234e-01 -9.951691256335958302e-01 -2.294452109763856384e+00 -2.150105680840207478e-01 -1.783626485997865885e+00 1.622836630574472916e-01 1.622836630574472916e-01
-2.502091474542101235e+00 -3.600703763210210795e+00 -3.600703763210210795e+00 -2.502091474542101235e+00 -2.907556582650265398e+00 -1.403479185873991231e+00 -2.214409402090320000e+00 -1.991265850776110291e+00 -7.674904191539946297e-01 -5.561813254867876699e-01 -1.991265850776110291e+00 1.021414943401359986e-02 -2.214409402090320000e+00 1.604963524833516453e-01 4.768336806955086327e-01
-2.760326345667580838e+00 -2.354861237559416676e+00 -3.453473526227526236e+00 -2.760326345667580838e+00 -3.453473526227526236e+00 -2.354861237559416676e+00 -2.354861237559416676e+00 -2.354861237559416676e+00 -1.150888433233480557e+00 -6.808848039877449798e-01 -1.661714056999471278e+00 -8.144161966122676066e-01 -1.661714056999471278e+00 -1.576366602231971947e-01 -1.576366602231971947e-01
-1.796365511775295687e+00 -3.405803424209396191e+00 -2.307191135541286187e+00 -2.019509063089505396e+00 -2.712656243649450793e+00 -2.019509063089505396e+00 -1.459893275154082737e+00 -2.307191135541286187e+00 -9.208967744213958362e-01 -4.613644450429555954e-01 -2.307191135541286187e+00 1.495446372800175172e-01 -1.103218331215350290e+00 -1.869275993411953218e-01 1.495446372800175172e-01
