-7.592677828801678297e-01 -1.164732890988332104e+00 -7.052005616098921958e-01 -4.715857104283869283e-01 -3.174350306011287093e-01 -7.592677828801678297e-01 -2.156523362911864916e-01 -6.051171030529095551e-01 6.408199003720583820e-01 4.934951856152000604e-01 8.803007750703571721e-02 -5.585970874180167245e-01 1.041708341452811215e+00 1.392210535331367405e-02 -3.915430027548507108e-01
1.080307442137051349e-01 2.213594295207081952e-01 2.390590066201092323e-01 2.033409240180299171e-01 6.958174091158241259e-01 6.148483465821570348e-01 3.231421238306505517e-01 6.027269860498121190e-01 6.619158574401426964e-01 2.390590066201092323e-01 1.264911941005790741e+00 4.615534049561760555e-02 1.756689369801086809e+00 5.000728319897287388e-01 -4.717877510392370910e-01
5.716270288844403913e-01 5.716270288844403913e-01 6.160787914552742217e-01 2.939952922861611140e-01 2.531732977659059136e-01 1.196419051413832174e-01 -4.825334972128352273e-01 7.764214415304536709e-01 -1.840405086568388804e-01 -3.450877468587507102e-02 1.026363185999387362e+00 -6.222954395879939371e-01 -2.924880532582039727e+00 -4.399738827940393726e-01 -6.267965165257144422e-02
-8.519209237764657772e-01 -1.052591619238617104e+00 -9.472311035807907675e-01 -1.052591619238617104e+00 -4.772274743350553017e-01 -9.472311035807907675e-01 -3.594444386786717627e-01 3.611017160693878458e-01 6.213848143330544804e-01 8.106268139715828713e-01 -1.170374654895000699e+00 -8.519209237764657772e-01 -4.166028525186205034e-01 -2.151203907906726442e+00 1.181000602268477140e+00
1.376801103482572008e+00 1.437425725299007029e+00 1.371981817046623142e+00 1.472985027335493635e+00 1.275704986611203129e+00 1.157256836198009120e+00 1.275704986611203129e+00 7.306109060103979091e-01 -4.053889147293322504e-01 4.819142802715705720e-01 -7.418611513505449784e-01 3.019429008225695266e-01 -2.014826827163432643e+00 -6.891667810811924477e-02 -6.649001102144167508e-01
2.608266918062208256e-02 -4.688989486131577879e-03 2.672447259975102019e-01 -1.382203821106542108e-01 -4.259024545624350844e-01 -1.745880262815290573e-01 -3.793824389275422537e-01 4.213954058247684764e-01 -1.167839799291812364e+00 -7.623746911836479789e-01 -8.313675626705995247e-01 -6.372115482296419886e-01 -2.777277711725912646e+00 -4.259024545624350844e-01 -6.978361700460768979e-01
6.565152124484371909e-02 -8.849915858241448607e-02 1.991829138693662349e-01 -8.456450908878232128e-03 -1.755105355720443239e-01 4.711166293530081317e-01 1.991829138693662349e-01 -8.456450908878232128e-03 -8.456450908878232128e-03 -2.708207153763690922e-01 -1.474793519702304989e+00 -1.755105355720443239e-01 -1.474793519702304989e+00 -6.274956593151015394e-01 -1.880258627810469596e+00
7.167538713489718383e-01 8.675767610835555255e-01 4.819142802715707385e-01 8.267547665633003806e-01 2.877582658306132024e-01 2.513906216597383003e-01 5.109018171448229673e-01 3.228495856418833743e-01 -6.465509715462199880e-01 4.659620901372531210e-02 -1.252686775116535589e+00 -7.418611513505448674e-01 -1.945833955676480764e+00 4.659620901372531210e-02 -4.053889147293320838e-01
6.958174091158241259e-01 1.044124103384039826e+00 6.088060321261943297e-01 2.903523010076596300e-01 1.568209083831371142e-01 4.081353366640431690e-01 4.081353366640431690e-01 4.081353366640431690e-01 2.670228555878892147e-03 2.903523010076596300e-01 -1.095942060112230942e+00 1.044124103384039826e+00 -1.789089240672176118e+00 2.670228555878892147e-03 1.568209083831371142e-01
-1.155924764713941233e+00 -1.666750388479931733e+00 -1.155924764713941233e+00 -1.666750388479931733e+00 -1.155924764713941233e+00 -5.681380998118222836e-01 -2.004133196865050537e-01 -8.194525280927282829e-01 -9.736032079199865574e-01 -3.674674043496710674e-01 -2.765362677148041737e+00 -5.731247604583163124e-02 -1.379068316028150942e+00 1.790763020183987753e-01 6.785066690817445623e-02
-6.203539091945263484e-02 -6.980241576394493608e-01 -4.529016996064644252e-01 -3.302993775141320754e-01 1.004835385783222346e-01 1.492737027477543388e-01 -1.871985338734586946e-01 -6.203539091945263484e-02 6.457105890616452459e-01 4.720470950108051067e-01 5.704871678240577282e-01 3.818959980165077539e-01 4.369557751995351014e-01 1.251761511686936001e-01 2.828050953722768823e-01
-8.878363861625615527e-01 -6.001543137107806514e-01 -4.823712780543971679e-01 -6.646928348483518434e-01 -4.823712780543971679e-01 -3.282205982271388933e-01 -3.282205982271388933e-01 -3.282205982271388933e-01 1.826050255388517174e-01 -2.817005825922459517e-01 5.975488776015598358e-01 2.845434571159348447e-02 -3.770107623965708865e-01 1.237645255159183499e-01 -4.053852577535799889e-02
8.173507840192515417e-01 9.285764191294758607e-01 8.173507840192515417e-01 6.921876410652454403e-01 1.028659877686458390e+00 1.075179893321351443e+00 1.351433269949509297e+00 6.921876410652454403e-01 5.490867974245720040e-01 6.921876410652454403e-01 1.621723599689421036e+00 4.690440897510357310e-01 1.075179893321351443e+00 3.820327127614060458e-01 3.820327127614060458e-01
-3.094962034481492541e+00 -2.401814853921547144e+00 -2.401814853921547144e+00 -1.708667673361601747e+00 -1.485524122047392037e+00 -1.485524122047392037e+00 -6.100553846934921864e-01 -1.708667673361601747e+00 -5.300126770199558024e-01 -1.149051885426179087e+00 -1.149051885426179087e+00 4.053218144765724507e-02 -1.708667673361601747e+00 -4.559047048662338564e-01 -4.559047048662338564e-01
-2.369271306189075776e+00 -1.963806198080911170e+00 -1.116508337693707720e+00 -1.963806198080911170e+00 -1.452980574314920670e+00 -1.179795075825806616e-01 -5.775118369610207081e-01 -1.676124125629130379e+00 2.697860234261827417e-01 -5.775118369610207081e-01 -2.369271306189075776e+00 8.294018113616054011e-01 -6.645232139506506153e-01 8.087825241588698644e-01 1.956780512724607679e-01
-1.414946603693052918e+00 -1.820411711801217303e+00 -1.820411711801217303e+00 -1.414946603693052918e+00 -9.041209799270621961e-01 -1.820411711801217303e+00 -1.127264531241272127e+00 -3.163343150249431357e-01 1.944913087410473085e-01 -9.041209799270621961e-01 -2.513558892361162478e+00 7.445376456603193249e-01 -2.513558892361162478e+00 1.254984372540959847e-01 1.254984372540959847e-01
-2.004933489504774347e+00 -2.698080670064719744e+00 -3.391227850624664697e+00 -2.698080670064719744e+00 -2.292615561956555137e+00 -2.004933489504774347e+00 -2.004933489504774347e+00 -1.599468381396609962e+00 -7.521705210094064009e-01 -9.063212008366645644e-01 -2.004933489504774347e+00 -3.467054129012419050e-01 -2.004933489504774347e+00 1.641202108647485947e-01 1.641202108647485947e-01
-1.989429302968808821e+00 -3.598867215402909103e+00 -3.598867215402909103e+00 -2.500254926734799543e+00 -2.905720034842964150e+00 -1.401642638066689983e+00 -2.500254926734799543e+00 -1.519425673723073356e+00 -7.656538713466932711e-01 -6.031349418489183600e-01 -1.807107746174854146e+00 1.853224185153518611e-01 -2.500254926734799543e+00 1.623329002906529761e-01 3.329584173214163445e-01
-3.451636978420224544e+00 -2.758489797860279591e+00 -3.451636978420224544e+00 -2.758489797860279591e+00 -3.451636978420224544e+00 -2.353024689752114984e+00 -1.842199065986124484e+00 -2.758489797860279591e+00 -1.372195436740388796e+00 -9.667303286322244116e-01 -2.353024689752114984e+00 -1.053741705621854319e+00 -1.505726829364911534e+00 -3.605945250619089770e-01 -3.161427624910750356e-01
-1.794528963967994217e+00 -3.403966876402094499e+00 -2.710819695842149546e+00 -2.017672515282204149e+00 -2.710819695842149546e+00 -2.017672515282204149e+00 -1.458056727346781267e+00 -2.017672515282204149e+00 -9.190602266140943666e-01 -6.313781541623134652e-01 -2.710819695842149546e+00 1.223936482140665916e-01 -1.324525334722258751e+00 -4.595278972356542369e-01 2.336192833242910771e-01
