-8.182627445274178735e-01 -1.166569438795633573e+00 -8.182627445274178735e-01 -6.069536508602111358e-01 -2.841802585971599515e-01 -6.069536508602111358e-01 -3.933795505621520139e-01 -7.611043306874692993e-01 5.970191534657248722e-01 4.260613553220854999e-01 1.327135453346271199e-01 -7.611043306874692993e-01 9.636444282576253073e-01 -1.388992885724821442e-02 -1.549685271171537537e-01
2.717086348839771737e-01 3.213055760233492486e-01 3.050450551515689890e-01 2.546142015246768975e-01 7.688821694816405650e-01 6.828075607103974987e-01 3.838259330046832618e-01 6.600793096328413379e-01 5.636190434452791331e-01 1.831552375425319901e-01 1.184603777756993992e+00 1.259968237025833881e-01 1.788882570580096587e+00 6.485184872317654170e-01 -5.099919430174133517e-01
5.996434442268202547e-01 4.910096032240247599e-01 6.142422436479728631e-01 3.691197856149879830e-01 2.719560371613400918e-01 2.513367499586044995e-01 -1.541283581495598853e-01 8.109525378940271034e-01 -3.634532249317649899e-02 2.921587444788595889e-01 1.098634610345808005e+00 -7.294925030531217436e-01 -3.619864260949286372e+00 -5.288218075909705274e-01 -2.186668792871311051e-01
-1.172211202702301946e+00 -1.172211202702301946e+00 -1.054428167045918574e+00 -8.537574715837673578e-01 -1.172211202702301946e+00 -2.153040455714028134e+00 -6.867033869206011776e-01 2.448548170843424243e-01 6.603702610460081557e-01 3.859334153442479098e-01 -1.305742595326824462e+00 -1.305742595326824462e+00 -2.071303066587149300e-01 -1.642214831948037412e+00 1.038806696766253257e+00
1.325693506668487842e+00 1.457961475246238425e+00 1.417323829514412159e+00 1.412704883658117749e+00 1.289699904020582544e+00 1.080851592893199431e+00 1.137292903798151178e+00 7.823586043372028342e-01 -4.660659625595668931e-01 3.549145895102632231e-01 -1.129360179969831179e+00 3.941353026635444623e-01 -1.883131982346211153e+00 8.047774380850292175e-02 -9.180510863026243307e-01
1.386564725510650575e-01 2.166180140207767668e-01 2.413106266111483544e-01 2.166180140207767668e-01 -3.812189867348437233e-01 -3.812189867348437233e-01 -2.141649020716774321e-01 3.344010496771602226e-01 -1.169676347099113833e+00 -7.642112389909494485e-01 -2.942076097452138161e-01 -9.873547903051591579e-01 -2.779114259533213893e+00 -6.390480960369433472e-01 -6.996727178533781455e-01
-9.033570638971602507e-02 -9.033570638971602507e-02 6.381497343754226337e-02 -1.029299871617949703e-02 -9.033570638971602507e-02 1.973463660620650151e-01 -1.029299871617949703e-02 1.328078449244938786e-01 -2.726572631836706173e-01 -9.033570638971602507e-02 -7.834828869496612835e-01 -6.293322071224030090e-01 -9.658044437436159591e-01 -6.293322071224030090e-01 -1.188947995057825668e+00
7.379068417663691148e-01 8.455375059587346698e-01 3.549145895102633896e-01 5.090652693375216087e-01 4.502247693145881025e-01 4.800777324642693245e-01 9.240091214002298381e-01 2.118137458695900088e-01 -8.490582148156726738e-01 -2.130694480956759340e-01 -1.947670503483782234e+00 -2.130694480956759340e-01 -1.659988431032001444e+00 -2.130694480956759340e-01 -3.382325910496818966e-01
6.069694843188928601e-01 2.885157532003582714e-01 4.062987888567417549e-01 1.549843605758357834e-01 -1.814878760453771667e-01 8.336807485774086653e-04 9.816629337603035577e-01 6.069694843188928601e-01 8.336807485774086653e-04 8.336807485774086653e-04 -1.097778607919532412e+00 9.171244126227324767e-01 -1.790925788479477587e+00 1.549843605758357834e-01 8.336807485774086653e-04
-1.380904863835452412e+00 -1.380904863835452412e+00 -9.754397557272880270e-01 -2.074052044395397587e+00 -8.212890759000297525e-01 -5.699746476191235312e-01 -9.754397557272880270e-01 -8.212890759000297525e-01 -9.754397557272880270e-01 -4.646141319612973053e-01 -2.767199224955342984e+00 2.285330485986479532e-01 -2.074052044395397587e+00 -1.281418953400844385e-01 6.601411910087315316e-02
-9.372490187643529869e-02 -6.998607054467507194e-01 -7.570191192866994045e-01 -1.244965605431889166e-01 -1.890350816807600809e-01 9.864699077102091762e-02 -2.229366333564415104e-01 -3.713566384747147842e-01 7.002269778054757143e-01 3.800594502092063398e-01 6.438740412543438874e-01 5.994222786835099459e-01 5.686506200167563696e-01 1.709676523506468704e-01 3.217905420852305021e-01
-8.096302262963265273e-01 -6.019908615180820100e-01 -4.842078258616986375e-01 -7.355222541426047478e-01 -4.301406045914228371e-01 -7.874271775353428038e-02 -2.390853678287136741e-01 -7.874271775353428038e-02 4.320829060124563581e-01 3.389924829464444622e-01 4.755680179521952211e-01 -2.835371303995473657e-01 -8.896729339698630223e-01 -1.164830457363812272e-01 2.661779790429208079e-02
9.267398713221743911e-01 7.548896143955152738e-01 8.155142362119501831e-01 1.026823329879156921e+00 7.548896143955152738e-01 1.448036794955460671e+00 1.448036794955460671e+00 9.267398713221743911e-01 1.795254694919533323e-01 6.903510932579440817e-01 1.537648953645147643e+00 -7.178895878895270866e-02 9.267398713221743911e-01 6.213582217709925359e-01 6.174243383557000836e-02
-3.096798582288793789e+00 -1.998186293620684006e+00 -1.998186293620684006e+00 -1.710504221168902994e+00 -1.710504221168902994e+00 -1.305039113060738831e+00 -1.150888433233480557e+00 -1.710504221168902994e+00 -2.635852382325777343e-01 -2.403651401728848391e+00 -1.305039113060738831e+00 -2.635852382325777343e-01 -1.998186293620684006e+00 -6.118919325007935450e-01 -3.887483811865837247e-01
-2.371107853996377024e+00 -3.064255034556322421e+00 -1.272495565328267464e+00 -1.454817122122222139e+00 -1.118344885501009189e+00 -4.993056770947857936e-01 -4.251977049410639031e-01 -1.965642745888212861e+00 2.315818314480065365e-01 1.546207903118782256e-01 -1.677960673436431849e+00 8.275652635543040425e-01 -9.848134928764866736e-01 7.643863619327724290e-01 3.369423471058327624e-01
-1.822248259608518550e+00 -1.822248259608518550e+00 -1.416783151500354387e+00 -1.822248259608518550e+00 -1.416783151500354387e+00 -1.129101079048573375e+00 -1.129101079048573375e+00 -9.059575277343636657e-01 4.290435389979764258e-01 -5.694852911131507156e-01 -1.822248259608518550e+00 7.804414258358649548e-01 -1.822248259608518550e+00 -5.694852911131507156e-01 4.955391729307265930e-02
-2.006770037312075594e+00 -3.393064398431966389e+00 -3.393064398431966389e+00 -2.699917217872020991e+00 -1.783626485997865885e+00 -1.783626485997865885e+00 -2.699917217872020991e+00 -1.195839821095747046e+00 -8.281150409704296500e-01 -9.081577486439660341e-01 -2.294452109763856384e+00 -1.741885735637655752e-01 -2.294452109763856384e+00 1.332961261841950906e-01 1.332961261841950906e-01
-2.907556582650265398e+00 -2.907556582650265398e+00 -3.600703763210210795e+00 -2.907556582650265398e+00 -2.214409402090320000e+00 -1.654793614154897341e+00 -1.808944293982155838e+00 -1.991265850776110291e+00 -8.926535621080006200e-01 -6.562647840437701996e-01 -1.991265850776110291e+00 6.285788291943561479e-02 -2.502091474542101235e+00 6.285788291943561479e-02 5.581793201494610335e-01
-2.354861237559416676e+00 -2.354861237559416676e+00 -3.453473526227526236e+00 -2.760326345667580838e+00 -3.453473526227526236e+00 -2.760326345667580838e+00 -2.067179165107635441e+00 -2.354861237559416676e+00 -1.661714056999471278e+00 -6.808848039877449798e-01 -1.844035613793425732e+00 -8.885241687659894971e-01 -1.844035613793425732e+00 -1.948632174237997089e-02 -8.617769624105214854e-02
-1.459893275154082737e+00 -3.405803424209396191e+00 -2.019509063089505396e+00 -2.019509063089505396e+00 -2.307191135541286187e+00 -1.796365511775295687e+00 -1.208578846873176627e+00 -2.307191135541286187e+00 -1.007908151411025521e+00 -4.613644450429555954e-01 -1.796365511775295687e+00 1.777155142467138904e-01 -1.007908151411025521e+00 -2.703092082802463492e-01 -4.606042547240746937e-03
