-6.539072672223414928e-01 -1.084690183314795942e+00 -9.415893396741226162e-01 -3.174350306011287093e-01 -3.538026747720035559e-01 -7.592677828801678297e-01 -9.429147928691899994e-02 -6.051171030529095551e-01 5.247477291193044513e-01 4.934951856152000604e-01 2.215614701315583857e-01 -4.715857104283869283e-01 9.654809760649267769e-01 3.923991333760374484e-02 -3.174350306011287093e-01
3.703950086811961806e-01 3.068816029588702921e-01 1.849917853498334319e-01 4.615534049561760555e-02 6.846441085176988572e-01 6.386589952758754407e-01 3.231421238306505517e-01 5.527165654751506896e-01 6.733445532637655218e-01 1.472514573669863325e-01 1.226445660177994501e+00 2.464913527465407289e-02 1.752835800485096795e+00 6.733445532637655218e-01 -5.851164363462401097e-01
5.716270288844403913e-01 6.724317280064060487e-01 7.386811135476066825e-01 4.928461510313262295e-01 1.661619207762761730e-01 9.554435356232267307e-02 -3.221908471376560001e-01 7.257777087116986658e-01 -3.450877468587507102e-02 7.085174097195133525e-02 1.135562477964379369e+00 -8.454389909022037575e-01 -2.924880532582039727e+00 -2.168303314798296910e-01 -9.166718852582367294e-02
-9.472311035807907675e-01 -1.303906047519523215e+00 -9.472311035807907675e-01 -8.519209237764657772e-01 -7.649095467868360920e-01 -1.170374654895000699e+00 -3.594444386786717627e-01 4.137454495548097966e-01 4.878534217085317981e-01 7.932350712597135978e-01 -1.640378284140735943e+00 -1.170374654895000699e+00 -2.540839230208454813e-01 -1.863521835454945874e+00 1.238820173157303195e+00
1.342567931840329853e+00 1.405239038803105522e+00 1.342567931840329853e+00 1.391121157257320773e+00 1.259618848859578977e+00 1.163227003184513109e+00 1.215412756355083168e+00 7.306109060103979091e-01 -5.267497717335996033e-01 3.433281169854237036e-01 -7.826831458708001232e-01 4.087108762482757340e-01 -1.881295434538909905e+00 2.824707034552848342e-02 -6.649001102144167508e-01
-1.031290622993841360e-01 2.184545618280782642e-01 4.007761186220328842e-01 1.671612674405276167e-01 -4.746926187318670221e-01 -3.349306763567082568e-01 -2.515490674176573127e-01 3.582165042032370295e-01 -9.855182424978576883e-01 -9.855182424978576883e-01 -6.978361700460768979e-01 -6.372115482296419886e-01 -2.371812603617748039e+00 -5.800531343896934144e-01 -8.313675626705995247e-01
1.991829138693662349e-01 -3.761812310341955401e-01 -1.755105355720443239e-01 -7.816463391423598139e-01 -4.939642666905790236e-01 3.169659495257497461e-01 -8.456450908878232128e-03 -8.456450908878232128e-03 -1.755105355720443239e-01 -4.939642666905790236e-01 -9.639678959363143784e-01 -1.755105355720443239e-01 -1.474793519702304989e+00 -4.939642666905790236e-01 -1.474793519702304989e+00
7.622162454257290776e-01 8.267547665633003806e-01 5.931399153817952241e-01 8.267547665633003806e-01 6.691258223597170707e-01 3.228495856418833743e-01 6.191154017850556412e-01 3.228495856418833743e-01 -4.794968868830539188e-01 7.619337883237483320e-05 -1.658151883224699974e+00 -2.112329002883745477e-01 -2.351299063784645149e+00 7.619337883237483320e-05 -8.472216670083712042e-01
6.088060321261943297e-01 7.758601167893603989e-01 4.081353366640431690e-01 2.903523010076596300e-01 2.670228555878892147e-03 5.134958523218694504e-01 7.758601167893603989e-01 8.499680889430824005e-01 4.081353366640431690e-01 2.670228555878892147e-03 -1.789089240672176118e+00 9.189609604300337242e-01 -1.789089240672176118e+00 2.670228555878892147e-03 1.568209083831371142e-01
-1.155924764713941233e+00 -1.379068316028150942e+00 -1.379068316028150942e+00 -1.666750388479931733e+00 -9.736032079199865574e-01 -2.804560273600412712e-01 -4.627775841539960022e-01 -8.194525280927282829e-01 -1.155924764713941233e+00 -2.004133196865050537e-01 -2.765362677148041737e+00 -1.263053475327830522e-01 -1.666750388479931733e+00 2.303695964059492840e-01 6.785066690817445623e-02
-3.302993775141320754e-01 -6.439569363691735049e-01 -2.211000855491401518e-01 -3.302993775141320754e-01 1.492737027477543388e-01 2.252199710861017140e-02 -3.304785404620050326e-02 -9.188835406913387072e-02 6.311117896404926375e-01 5.704871678240577282e-01 5.387384695094774578e-01 3.236270898925319162e-01 6.311117896404926375e-01 4.919024419077178134e-02 3.818959980165077539e-01
-8.878363861625615527e-01 -8.077936784890251687e-01 -6.001543137107806514e-01 -4.283040567841214785e-01 -5.395296918943457420e-01 -7.690616994623293567e-02 -1.538672110823610661e-01 -2.372488200214121490e-01 4.984579749573290197e-01 2.107759025055480906e-01 5.590825967737638180e-01 -1.146464979290799241e-01 -4.283040567841214785e-01 2.845434571159348447e-02 -4.053852577535799889e-02
7.567261622028167434e-01 8.173507840192515417e-01 8.173507840192515417e-01 9.798697135170263417e-01 1.075179893321351443e+00 1.385334821625190616e+00 1.162191270310981128e+00 9.285764191294758607e-01 7.567261622028167434e-01 6.921876410652454403e-01 1.567656378419145291e+00 6.357898164287140164e-02 1.028659877686458390e+00 1.813620172992548019e-01 5.490867974245720040e-01
-3.094962034481492541e+00 -2.401814853921547144e+00 -3.094962034481492541e+00 -2.401814853921547144e+00 -1.485524122047392037e+00 -1.708667673361601747e+00 -1.149051885426179087e+00 -1.708667673361601747e+00 -7.923769414874466399e-01 -1.303202565253437362e+00 -1.303202565253437362e+00 -2.617486904252763202e-01 -1.303202565253437362e+00 -3.223733122417112296e-01 -2.045902765853278016e-01
-1.963806198080911170e+00 -1.963806198080911170e+00 -1.270659017520965994e+00 -1.452980574314920670e+00 -1.963806198080911170e+00 -4.974691292874845461e-01 -6.645232139506506153e-01 -1.963806198080911170e+00 1.564573381191796952e-01 -2.292051426928050917e-01 -2.369271306189075776e+00 8.087825241588698644e-01 -6.645232139506506153e-01 6.011431593806251250e-01 4.639420378671401668e-01
-1.414946603693052918e+00 -1.820411711801217303e+00 -2.513558892361162478e+00 -1.820411711801217303e+00 -9.041209799270621961e-01 -1.820411711801217303e+00 -1.414946603693052918e+00 -4.341173506813267302e-01 2.590298298786185560e-01 -3.163343150249431357e-01 -2.513558892361162478e+00 9.204283121239834609e-01 -1.820411711801217303e+00 2.590298298786185560e-01 -2.865224257316225515e-02
-2.004933489504774347e+00 -2.698080670064719744e+00 -3.391227850624664697e+00 -3.391227850624664697e+00 -1.781789938190564637e+00 -2.292615561956555137e+00 -2.004933489504774347e+00 -1.599468381396609962e+00 -6.831776495224548551e-01 -9.063212008366645644e-01 -2.698080670064719744e+00 -2.131740202767193060e-01 -2.292615561956555137e+00 7.450805217506156763e-02 4.275935386048115849e-02
-2.212572854283018753e+00 -2.905720034842964150e+00 -3.598867215402909103e+00 -2.905720034842964150e+00 -2.212572854283018753e+00 -1.401642638066689983e+00 -1.807107746174854146e+00 -1.519425673723073356e+00 -8.908170143006993724e-01 -1.113960565614908971e+00 -2.500254926734799543e+00 2.723337955049816572e-01 -2.212572854283018753e+00 9.001223871102696783e-02 2.297741810861856082e-01
-2.758489797860279591e+00 -3.451636978420224544e+00 -3.451636978420224544e+00 -2.758489797860279591e+00 -3.451636978420224544e+00 -2.758489797860279591e+00 -2.065342617300334194e+00 -3.451636978420224544e+00 -1.372195436740388796e+00 -1.149051885426179087e+00 -2.758489797860279591e+00 -1.254412401084005424e+00 -2.353024689752114984e+00 -4.559047048662338564e-01 -1.935404403987429078e-01
-2.017672515282204149e+00 -3.403966876402094499e+00 -2.710819695842149546e+00 -2.017672515282204149e+00 -2.710819695842149546e+00 -2.017672515282204149e+00 -1.612207407174039542e+00 -1.794528963967994217e+00 -1.101381783408049042e+00 -5.707535323458786669e-01 -1.794528963967994217e+00 1.513811850873188758e-01 -2.017672515282204149e+00 -6.959166752998846572e-01 -2.769494739939378381e-03
